1078007814	徐娇	1998	1448115213
1079220264	祈Inory	1028	1447574416
1195366567	金莎	1096	1448459670
1222244775	晚香玉	2980	1448540263
1450063597	纱布蓝	3760	1448454199
1470809487	山新	2953	1448362429
1566146015	美歪	1538	1447991143
1632765501	花落	535	1447583727
1648213305	9命猫	2687	1448332026
1652822427	黄莺	627	1448003653
1657783170	小柔SeeU	607	1447908567
1682933295	葡萄	7903	1448485795
1717701417	猫梓	1767	1448505988
1739928273	苍井空	1180	1448274102
1745993040	洪诗	1229	1448524057
1750543712	徐亦晴	962	1448341024
1751622404	鳄鱼同学	1151	1448513969
1759970515	陈斯亚	1193	1448529530
1761684925	吴映洁	1994	1448360369
1770613833	澈三攻	2327	1448530759
1770708833	铭铭大魔王	1852	1448424520
1771594407	顾瑞	462	1447652375
1772484360	Cc_____永远18岁	1160	1448380757
1777781560	弥优MIO	728	1448191549
1783084442	Oriyami	358	1448267776
1789640312	nyako	2698	1448514470
1828664804	荣小兔头	2569	1448541135
1835126047	李铁根	387	1448454313
1842036464	薛莹	820	1448291511
1845519725	柳侑绮	2233	1448514288
1853119303	钟曼菲	909	1448539086
1877659084	肉	856	1448409114
1895097114	三刀刀刀刕	1358	1448288879
1914531955	西瓜妹	1180	1447947493
1933719015	咬人猫	3175	1448370200
1946933061	千本露露	3415	1448535920
1968438512	如月灰	446	1448461804
2101333034	有咩酱	1370	1448383954
2135478131	vams子	978	1448335535
2139155362	李玲	2640	1448483552
2165704691	雯籽	3139	1448457778
2166123764	阿惹	1713	1447946375
2205394480	咕噜咕噜的G罐	204	1445773800
2252392571	怪兽哥斯拉	302	1448279458
2252995924	橘子sama	1730	1448110775
2302413073	小卓洛的尾巴	2067	1448291791
2314239690	鈴木紗陵	276	1448424085
2439874993	粉扑扑	1427	1447930694
2494509320	顾瑞_2	667	1448192465
2517615935	司楠	2143	1448456985
2535836307	孙倩雯	4358	1448462998
2545374922	藤本狐狸	2153	1448448389
2553930725	AHO	471	1448520485
2564500717	魔女様	2505	1448539563
2611237547	姨妈姬	759	1447949547
2619404167	梓汐Ushio	1189	1443449075
2667112881	十井源子	240	1448105435
2683260651	一万只煎饺OvQ	524	1448114627
2692980363	邵雅涵	1021	1447722129
2710292892	吴叶佳	1422	1448428558
2711388952	矮乐多Aliga	984	1448112506
2822367762	EriolM	2162	1448373194
2838500613	一条忍着不死的鲸鱼	843	1448297652
2931556163	我是変態	2336	1448508066
3098532123	勋礼_Surely	1205	1448371985
3207111560	凌璇	2570	1448334907
3248646834	Jun_amaki	1450	1448529854
3314883543	一小央泽	1159	1448417279
3645097570	裸撸感冒频率飞起	176	1446880319
5018003687	鹿野希	387	1448029976
5120189396	apricot_杏子	684	1439803787
5573052403	许夏幽	699	1448523764
