1701626125	孙静怡	93	1446108932	
1773373710	冯薪朵	61	1392898765	
1781972212	梁慧雯	188	1446034713
1802329531	徐言雨	692	1445959551	
1837841901	蒋羽熙	746	1446090975
1934149171	鞠婧祎	175	1376407528	
1972668547	何轶琛	2276	1445765852	
1984725451	胡美婷	835	1445862567	
2046793773	胡思奕	855	1446108219	
2116271525	邱欣怡	2	0	
2147360175	曾誉嘉	21	1382075660	
2173542072	王费澌	1196	1445517096	
2180712402	张馨方	905	1446093243	
2201599120	莫寒	70	1349513046	
2206008474	杨海赆	443	1445526881	
2276525031	雨婷儿	181	1445337802	
2367936797	丁紫妍	496	1444112681	
2640407173	康欣	342	1446018749	
2834685840	余慧文	831	1445562340	
2885183281	王佳路	423	1444729241	
2944353321	杨雅如	866	1446109939	
2997513352	韩萌	36	1442844918
3172236134	董芷依	862	1445609952	
3558434653	顾香君	929	1446033559	
3738671020	汤敏	1041	1444218625	
3924232018	王依君	1567	1446043823
