1745332770	兔子肉丸酱2	228	1452098864
1797407720	工口欧尼酱	1272	1452321320
1878354634	双子爱理	6917	1452095865
1915588461	万娘_一生挚爱张起灵	2937	1452254217
1916852800	moon王小爱	1381	1452328027
1918527245	害羞的樱桃	1140	1452172110
2003722347	moon王小爱2	468	1452228369
2192446713	许喵喵Mickey	1031	1451729931
2614378051	黑暗蘿璃	472	1452261168
2862565202	atf控控控	1919	1449975814
2991625155	清水映画	596	1452254726
3058013593	鱼师傅	492	1451708340
312313391	棉兔酱Bunny	228	1450756435
3137608103	静電噗噗	266	1450361752
3266707972	桃小兔叽	93	1450849184
3612515857	蜜斯薯	407	1413734818
3752892271	千叶双子	119	1450363911
3814085842	夏目七优	59	1451190910
5173765214	绅摄联	417	1442241901
5209755107	乖乖哒狂魔大人	40	1450965502
5266182015	一只痴女	105	1452183376
5290188864	萌安安ann	2554	1452311861
5359721924	元气小矮子叫我兔爷	517	1452320621
5388649334	__小笨__	283	0
5403879467	冰糖才不会溶化呢哼	330	1452257399
5410074167	这只绵羊不太棉	191	1447245101
5432751480	逢坂兔美	37	1435587607
5436425902	蜜汁娘	634	1452316559
5436949558	电影种子发布站	382	1449303426
5474896411	北野从先	82	0
5515771166	w蓝莓酱w	86	1426782146
5556065293	少女思春期	298	1449106492
5605074783	LTEsniffer	488	1452162604
5623991229	H工口小学生赛高2	145	1451904003
5633595130	胖次狂魔_maru蛋	278	1451359714
5642419721	Mika啾	560	1452317485
5660256488	幼喵酱	94	1448800986
571511557	猫咪萌娘_neko	110	1452252493
5727647039	小笨笨wow	49	1451297726
5745802401	青椒叔叔的小静静	309	1452328751
