1745332770	兔子肉丸酱2	237	1455438565
1797407720	工口欧尼酱	1389	1455542256
1878354634	双子爱理	6925	1454075465
1915588461	万娘_一生挚爱张起灵	3183	1455618302
1916852800	moon王小爱	1461	1455626338
1918527245	害羞的樱桃	1227	1455455202
2003722347	moon王小爱2	569	1455605769
2192446713	许喵喵Mickey	1082	1455515860
2386568184	冲田杏梨	1047	1454676479
2580461514	苏妄言-	467	1455629212
2614378051	黑暗蘿璃	480	1455078886
2862565202	atf控控控	1920	1452571327
2991625155	清水映画	659	1455420125
3058013593	鱼师傅	493	1455433795
312313391	棉兔酱Bunny	237	1452668682
3137608103	静電噗噗	267	1452397905
3266707972	桃小兔叽	103	1454401409
3612515857	蜜斯薯	407	1413734818
3814085842	夏目七优	65	1449315897
5088765448	夏小秋秋秋	473	1455616174
5173765214	绅摄联	417	1442241901
5209755107	乖乖哒狂魔大人	40	1450017574
5266182015	一只痴女	106	1454118836
5290188864	萌安安ann	3076	1455615235
5359721924	元气小矮子叫我兔爷	538	1453631841
5388649334	__小笨__	289	1455376781
5403879467	冰糖才不会溶化呢哼	360	1455617888
5410074167	这只绵羊不太棉	198	1454853775
5432751480	逢坂兔美	37	1435587607
5436425902	蜜汁娘	662	1453547995
5436949558	电影种子发布站	382	1449303426
5474896411	北野从先	82	0
5515771166	w蓝莓酱w	86	1426782146
5530974381	元气小萝莉洛可可	186	1455525421
5532958020	田中瞳	22	1455548919
5556065293	少女思春期	341	1455452979
5590294506	兔呆主QAQ	59	1455597082
5605074783	LTEsniffer	496	1453333365
5617440189	奈奈子是网瘾少女	28	1455378521
5623991229	H工口小学生赛高2	169	1455593458
5633595130	胖次狂魔_maru蛋	293	1455622422
5642419721	Mika啾	668	1455081417
5650348220	陌陌大软妹	30	1455634193
5660256488	幼喵酱	98	1453341542
5690646955	Mayteam5	56	1455549097
5703007037	粉红甜心喵kira	241	1455113441
571511557	猫咪萌娘_neko	121	1454841210
5727647039	小笨笨wow	81	1455543790
5732645316	冲田杏梨2	96	1455624178
5745802401	青椒叔叔的小静静	484	1455593317
5801849288	_你齿几岁	97	1455547895
5812850474	弱気乙女	155	1455127942
