1078007814	徐娇	2153	1455547808
1079220264	祈Inory	1055	1455260999
1195366567	金莎	1243	1454905293
1222244775	晚香玉	3362	1455517746
1450063597	纱布蓝	3876	1455459695
1470809487	山新	3159	1455516197
1566146015	美歪	1707	1455502995
1632765501	花落	546	1455610311
1648213305	9命猫	2911	1455454220
1652822427	黄莺	655	1455543476
1657783170	小柔SeeU	647	1454994099
1682933295	葡萄	8550	1455492322
1701626125	孙静怡	178	1455434071
1717701417	猫梓	1972	1455101484
1739928273	苍井空	1203	1455450740
1745993040	洪诗	1261	1455616915
1750543712	徐亦晴	962	1448341024
1751622404	鳄鱼同学	1339	1455355200
1759970515	陈斯亚	1261	1455621306
1761684925	吴映洁	2064	1455616871
1770613833	澈三攻	2748	1455464000
1770708833	铭铭大魔王	2118	1455620843
1771594407	顾瑞	462	1447652375
1772484360	Cc_____永远18岁	1447	1455626734
1773373710	冯薪朵	61	1392898765
1777781560	弥优MIO	785	1455282184
1781972212	梁慧雯	223	1454947519
1783084442	Oriyami	377	1453120372
1789640312	nyako	2910	1455552721
1802329531	徐言雨	749	1455011822
1828664804	荣小兔头	2997	1455624500
1835126047	李铁根	430	1455104106
1837841901	蒋羽熙	803	1454851350
1842036464	薛莹	832	1453456435
1842908774	知曦曦	943	1455424621
1845071870	哀子	1607	1455462984
1845519725	柳侑绮	2456	1455331833
1853119303	钟曼菲	1032	1455603633
1877659084	肉	871	1455072022
1895097114	三刀刀刀刕	1562	1455075102
1914531955	西瓜妹	1282	1454407103
1933719015	咬人猫	3411	1455456118
1934149171	鞠婧祎	175	1376407528
1935716045	机智的菊屌	2647	1455552144
1946933061	千本露露	3725	1455634472
1968438512	如月灰	600	1455550827
1972668547	何轶琛	2372	1455509981
1984725451	胡美婷	951	1455262652
2046793773	胡思奕	1075	1455619279
2089576957	桜群	934	1455510270
2093287822	Misa贞喵	879	1455628262
2101333034	有咩酱	1493	1455037866
2116271525	邱欣怡	2	0
2135478131	vams子	1020	1455392368
2139155362	李玲	2697	1455452237
2147360175	曾誉嘉	21	1382075660
2165704691	雯籽	3230	1455593852
2166123764	阿惹	1952	1455543191
2173542072	王费澌	1318	1455633997
2180712402	张馨方	973	1455411844
2194409964	糖果果	878	1454382748
2201599120	莫寒	70	1349513046
2205394480	咕噜咕噜的G罐	227	1455541924
2206008474	杨海赆	462	1454849960
2252392571	怪兽哥斯拉	361	1455460103
2252995924	橘子sama	1852	1455632641
2276525031	雨婷儿	205	1454930050
2302413073	小卓洛的尾巴	2168	1455536255
2314239690	鈴木紗陵	323	1455077759
2341153571	黑川	2056	1455627914
2367936797	丁紫妍	511	1455616203
2439874993	粉扑扑	1466	1455458780
2494509320	顾瑞_2	740	1455539584
2517615935	司楠	2269	1455434833
2535836307	孙倩雯	4565	1455180427
2545374922	藤本狐狸	2344	1455432864
2553930725	AHO	555	1455285883
2564500717	魔女様	2677	1455565138
2611237547	姨妈姬	817	1455527612
2619404167	梓汐Ushio	1191	1454692077
2640407173	康欣	406	1455370803
2667112881	十井源子	301	1455264532
2683260651	一万只煎饺OvQ	568	1453284004
2692980363	邵雅涵	1021	1447722129
270691122	白易子	577	1455423003
2710292892	吴叶佳	1554	1455442270
2711388952	矮乐多Aliga	1053	1455365762
2822367762	EriolM	2329	1455530285
2834685840	余慧文	856	1455541616
2838500613	一条忍着不死的鲸鱼	890	1455596096
2885183281	王佳路	468	1455503701
2931556163	我是変態	2586	1455630312
2944353321	杨雅如	952	1454410281
2950502641	美咲	246	1454938632
2997513352	韩萌	59	1454928975
3024989767	雪霏酱	102	1455295467
3098532123	勋礼_Surely	1331	1455032204
3165752335	美汐	996	1455615179
3172236134	董芷依	1055	1455631494
3206936735	尤幽	703	1455527270
3207111560	凌璇	2674	1455315630
3224626655	沐曦	355	1455556435
3248646834	Jun_amaki	1737	1455623048
3314883543	一小央泽	1281	1455634046
3513568823	橙橙Oravan	1049	1453434127
3558434653	顾香君	1027	1455520097
3645097570	裸撸感冒频率飞起	232	1454155744
3738671020	汤敏	1104	1455091300
3843708275	CE爸爸酱	531	1455465676
3924232018	王依君	1708	1455450385
3972053467	神楽坂真冬	600	1455465490
5018003687	鹿野希	488	1454229581
5092036573	小雅miyabi	1131	1455617737
5120189396	apricot_杏子	719	1455308370
5573052403	许夏幽	776	1454853839
