1745332770	兔子肉丸酱2	230	1453213624
1797407720	工口欧尼酱	1358	1454326099
1878354634	双子爱理	6925	1454075465
1915588461	万娘_一生挚爱张起灵	3107	1454320160
1916852800	moon王小爱	1434	1454277414
1918527245	害羞的樱桃	1194	1453644952
2003722347	moon王小爱2	536	1454267112
2192446713	许喵喵Mickey	1075	1454329568
2614378051	黑暗蘿璃	477	1453786519
2862565202	atf控控控	1920	1452571327
2991625155	清水映画	632	1454041756
3058013593	鱼师傅	492	1451708340
312313391	棉兔酱Bunny	237	1452668682
3137608103	静電噗噗	267	1452397905
3266707972	桃小兔叽	100	1454239432
3612515857	蜜斯薯	407	1413734818
3814085842	夏目七优	65	1452959128
5173765214	绅摄联	417	1442241901
5209755107	乖乖哒狂魔大人	40	1450017574
5266182015	一只痴女	106	1454118836
5290188864	萌安安ann	2865	1454331306
5359721924	元气小矮子叫我兔爷	538	1453631841
5388649334	__小笨__	288	1452949915
5403879467	冰糖才不会溶化呢哼	349	1454227978
5410074167	这只绵羊不太棉	192	1454090148
5432751480	逢坂兔美	37	1435587607
5436425902	蜜汁娘	662	1453547995
5436949558	电影种子发布站	382	1449303426
5474896411	北野从先	82	0
5515771166	w蓝莓酱w	86	1426782146
5556065293	少女思春期	318	1454328765
5605074783	LTEsniffer	496	1453333365
5617440189	奈奈子是网瘾少女	23	1454230122
5623991229	H工口小学生赛高2	160	1453547475
5633595130	胖次狂魔_maru蛋	292	1454325097
5642419721	Mika啾	632	1454294680
5650348220	陌陌大软妹	24	1453461379
5660256488	幼喵酱	98	1453341542
571511557	猫咪萌娘_neko	117	1453949534
5727647039	小笨笨wow	70	1453899258
5745802401	青椒叔叔的小静静	423	1454161360
5801849288	_你齿几岁	66	1454216505
5812850474	弱気乙女	97	1454332489
